=== Run information ===

Scheme:       weka.classifiers.bayes.BayesNet -D -Q weka.classifiers.bayes.net.search.local.HillClimber -- -P 3 -S BAYES -E weka.classifiers.bayes.net.estimate.SimpleEstimator -- -A 0.5
Relation:     corr_20-weka.filters.unsupervised.attribute.NumericToNominal-Rlast
Instances:    9690
Attributes:   140
              [list of attributes omitted]
Test mode:    10-fold cross-validation

=== Classifier model (full training set) ===

Bayes Network Classifier
not using ADTree
#attributes=140 #classindex=139
Network structure (nodes followed by parents)
 388(9):  485  581 
 389(9):  437  388  485 
 436(10):  388  485 
 437(9):  436  485 
 484(8):  436  485  533 
 485(9):  533  534 
 486(8):  485  534 
 532(10):  580  484 
 533(10):  534 
 534(9): 0  2075 
 535(8):  534  486 
 580(10):  628  581  436 
 581(9):  533  535 
 582(9):  581  535  534 
 628(8):  629  484 
 629(8):  581  582 
 676(8):  628  677 
 677(8):  629  628 
 698(10):  699  747  746 
 699(9):  748  1038  747 
 700(8):  699  698 
 743(11): 0  744 
 744(9): 0  745 
 745(8):  1086  1085  1610 
 746(8):  745  743  795 
 747(8):  746  796 
 748(8): 0  747 
 791(12):  743  1561 
 792(9):  791  744 
 793(10):  792  745 
 794(10):  793  1086 
 795(8): 0  794 
 796(7): 0  795 
 840(11):  841  791 
 841(10):  793  1133  745 
 842(8):  841  795 
 934(11):  935  1172 
 935(10): 0  983 
 981(10): 0  982 
 982(11):  934  983 
 983(12):  1031 
 1021(10):  1310  700 
 1029(11):  1077  981 
 1030(13):  982  1031 
 1031(10): 0  1133 
 1038(9): 0  1511 
 1043(11):  1086  700 
 1069(9):  1021  1214 
 1077(10):  1078  1172 
 1078(11):  1030  1031 
 1085(10):  1086  1511 
 1086(11):  1038 
 1087(11):  1038  1086 
 1119(11):  1167  1215 
 1120(10):  1168  745 
 1122(9): 0  1170 
 1123(10):  1122  1171 
 1125(10):  1077  1172  1078 
 1128(9): 0  1176  1224 
 1133(12):  1085  1511 
 1134(10):  1086  1133 
 1135(11):  1087  1134 
 1167(9):  1215  1120 
 1168(10):  1217  747  1122 
 1170(10):  1171  1217 
 1171(12): 0  1218 
 1172(11):  1171  1220 
 1176(9): 0  1133 
 1181(9):  1133  840 
 1182(10):  1134  1133 
 1183(10):  1135  1182 
 1214(11):  1119  1263 
 1215(11):  1120  1264 
 1216(11):  1168  1217 
 1217(10): 0  1265 
 1218(13):  1219  1217 
 1219(10): 0  1267 
 1220(12):  1219  1267 
 1221(11):  1220  1318 
 1224(8): 0  1176 
 1230(10):  1182  1133 
 1262(10):  1214  1263 
 1263(11):  1215  1264 
 1264(10):  1216  1265 
 1265(10):  1313  1219 
 1266(11):  1314  1218 
 1267(11): 0  1315 
 1269(9):  1221  1318 
 1272(10): 0  1224 
 1310(10):  1262  1311 
 1311(10):  1263  1312 
 1312(10):  1264  1313 
 1313(12): 0  1314 
 1314(11):  1362  1315 
 1315(11):  1363  1562 
 1318(8): 0  1366 
 1320(8): 0  1272 
 1321(7):  1561  1320 
 1360(10):  1312  1361 
 1361(12):  1313  1410 
 1362(11): 0  1561 
 1363(11): 0  1362 
 1366(9): 0  1414 
 1408(10): 0  1360 
 1409(11):  1361  1458 
 1410(12):  1362  1363 
 1413(11):  1461  1366 
 1414(10):  1509  1408 
 1457(9):  1409  1505 
 1458(9):  1410  1507 
 1461(9):  1414  1508 
 1505(10):  1506  1408 
 1506(11):  1507  1458 
 1507(9): 0 
 1508(8): 0  1507 
 1509(10): 0  1508 
 1510(8): 0  1509 
 1511(12): 0  1510 
 1516(12):  1564  1507 
 1561(11):  1610  1511 
 1562(12):  1561  1610 
 1564(12): 0  1562 
 1610(11):  1612  1230 
 1612(10): 0  1230 
 2030(9):  2078  2080 
 2049(8):  2050  2097 
 2050(7):  2051  2080 
 2051(8):  2078  2030 
 2075(9):  2076  2077 
 2076(9):  2077 
 2077(10):  2078  2030 
 2078(10):  2080 
 2080(7): 0  1043 
 2094(7):  2049  2097  2050 
 2095(7):  2094  2097 
 2096(6):  2095  2097 
 2097(7):  2098  2050 
 2098(8):  2099  2050 
 2099(8):  2051  2080 
0(10): 
LogScore Bayes: -1088354.981899461
LogScore BDeu: -2551982.2009510524
LogScore MDL: -2155016.5706964647
LogScore ENTROPY: -1288372.5286856596
LogScore AIC: -1477207.5286856994


Time taken to build model: 167.89 seconds

=== Stratified cross-validation ===
=== Summary ===

Correctly Classified Instances        7764               80.1238 %
Incorrectly Classified Instances      1926               19.8762 %
Kappa statistic                          0.758 
Mean absolute error                      0.047 
Root mean squared error                  0.173 
Relative absolute error                 28.5062 %
Root relative squared error             60.27   %
Total Number of Instances             9690     

=== Detailed Accuracy By Class ===

                 TP Rate  FP Rate  Precision  Recall   F-Measure  MCC      ROC Area  PRC Area  Class
                 0.629    0.002    0.886      0.629    0.735      0.742    0.982     0.817     0
                 0.766    0.063    0.782      0.766    0.774      0.708    0.943     0.863     1
                 0.763    0.067    0.774      0.763    0.768      0.699    0.945     0.860     2
                 0.823    0.043    0.767      0.823    0.794      0.759    0.971     0.873     3
                 0.883    0.051    0.815      0.883    0.848      0.807    0.976     0.928     4
                 0.795    0.001    0.949      0.795    0.865      0.866    0.996     0.932     5
                 0.753    0.004    0.874      0.753    0.809      0.805    0.990     0.883     6
                 0.825    0.001    0.966      0.825    0.890      0.890    0.996     0.957     7
                 0.835    0.007    0.869      0.835    0.852      0.843    0.992     0.920     8
                 0.811    0.007    0.777      0.811    0.793      0.788    0.984     0.864     9
Weighted Avg.    0.801    0.048    0.803      0.801    0.801      0.756    0.963     0.884     

=== Confusion Matrix ===

    a    b    c    d    e    f    g    h    i    j   <-- classified as
  132   44    4    2   28    0    0    0    0    0 |    a = 0
   11 1701  232   82  180    1    0    0    8    5 |    b = 1
    1  227 1716  175  113    3    1    0    9    5 |    c = 2
    1   61  126 1161   50    0    2    0    4    5 |    d = 3
    4   97   87   36 1748    0    2    2    1    3 |    e = 4
    0    7    9    5    3  167    5    1   10    3 |    f = 5
    0   16   18   24   10    2  271    0   11    8 |    g = 6
    0    3   10    5    3    2    8  198    6    5 |    h = 7
    0    9    9   18    5    0   15    4  451   29 |    i = 8
    0    9    6    5    5    1    6    0   19  219 |    j = 9


