=== Run information ===

Scheme:       weka.classifiers.bayes.BayesNet -D -Q weka.classifiers.bayes.net.search.local.HillClimber -- -P 3 -S BAYES -E weka.classifiers.bayes.net.estimate.SimpleEstimator -- -A 0.5
Relation:     corr_10-weka.filters.unsupervised.attribute.NumericToNominal-Rlast
Instances:    9690
Attributes:   81
               484
               532
               533
               580
               581
               582
               628
               629
               699
               744
               745
               746
               747
               792
               793
               794
               795
               796
               841
               842
               934
               935
               981
               982
               983
               1029
               1030
               1031
               1038
               1077
               1078
               1086
               1087
               1122
               1123
               1128
               1134
               1135
               1167
               1168
               1171
               1172
               1176
               1182
               1215
               1216
               1217
               1218
               1219
               1221
               1224
               1263
               1264
               1265
               1266
               1272
               1311
               1312
               1313
               1314
               1315
               1320
               1321
               1361
               1362
               1366
               1409
               1410
               1414
               1461
               1561
               1562
               1564
               1610
               1612
               2050
               2094
               2095
               2096
               2097
              0
Test mode:    10-fold cross-validation

=== Classifier model (full training set) ===

Bayes Network Classifier
not using ADTree
#attributes=81 #classindex=80
Network structure (nodes followed by parents)
 484(8):  532  533 
 532(10):  580  533 
 533(10): 0  2097 
 580(10):  628  581 
 581(9):  533 
 582(9):  581  580  629 
 628(8):  629  581 
 629(8):  581 
 699(9):  747  1038  795 
 744(9): 0  745 
 745(8): 0  1086 
 746(8):  745  794  795 
 747(8):  746  796 
 792(9):  793  794  744 
 793(10):  744  1086 
 794(10): 0  793 
 795(8): 0  794 
 796(7): 0  795 
 841(10):  793  792  744 
 842(8):  841  795 
 934(11):  935  1172 
 935(10): 0  983 
 981(10): 0  982 
 982(11):  934  983 
 983(12):  1031 
 1029(11):  1077  981 
 1030(13):  982  1031 
 1031(10): 0  1561  1128 
 1038(9): 0 
 1077(10):  1078  1172 
 1078(11):  1030  1031 
 1086(11):  1038 
 1087(11):  1038  1086 
 1122(9): 0  1217 
 1123(10):  1122  1171 
 1128(9): 0  1176  1224 
 1134(10):  1086  842 
 1135(11):  1087  1134 
 1167(9):  1215  1168 
 1168(10):  1217  747  1122 
 1171(12): 0  1218 
 1172(11): 0  1171 
 1176(9): 0  1561 
 1182(10):  1134  841 
 1215(11):  1168  745 
 1216(11):  1168  1217 
 1217(10): 0  1265 
 1218(13):  1219  1217 
 1219(10): 0  1266 
 1221(11):  1172  1031 
 1224(8): 0  1176 
 1263(11):  1215  1264 
 1264(10):  1216  1265 
 1265(10):  1313  1610 
 1266(11):  1314  1265 
 1272(10): 0  1224 
 1311(10):  1263  1312 
 1312(10):  1264  1313 
 1313(12): 0  1314 
 1314(11):  1362  1561 
 1315(11):  1314  1362 
 1320(8): 0  1272 
 1321(7):  1561  1320 
 1361(12):  1313  1410 
 1362(11): 0  1561 
 1366(9): 0  1414 
 1409(11): 0  1361 
 1410(12):  1362 
 1414(10): 0  1078  1122 
 1461(9): 0  1414 
 1561(11):  1610  841 
 1562(12):  1561  1610 
 1564(12): 0  1562 
 1610(11):  1612  793 
 1612(10): 0  1182  793 
 2050(7):  2097  2095 
 2094(7): 0  1182 
 2095(7):  2094 
 2096(6):  2095 
 2097(7):  2096  2095 
0(10): 
LogScore Bayes: -673644.4435511938
LogScore BDeu: -1690726.4439860003
LogScore MDL: -1392863.6668691211
LogScore ENTROPY: -810405.9905712007
LogScore AIC: -937318.9905711997


Time taken to build model: 17.68 seconds

=== Stratified cross-validation ===
=== Summary ===

Correctly Classified Instances        7706               79.5253 %
Incorrectly Classified Instances      1984               20.4747 %
Kappa statistic                          0.7508
Mean absolute error                      0.0481
Root mean squared error                  0.1736
Relative absolute error                 29.1612 %
Root relative squared error             60.4674 %
Total Number of Instances             9690     

=== Detailed Accuracy By Class ===

                 TP Rate  FP Rate  Precision  Recall   F-Measure  MCC      ROC Area  PRC Area  Class
                 0.657    0.003    0.826      0.657    0.732      0.732    0.984     0.798     0
                 0.775    0.059    0.795      0.775    0.785      0.722    0.946     0.879     1
                 0.767    0.069    0.771      0.767    0.769      0.700    0.948     0.869     2
                 0.809    0.044    0.758      0.809    0.783      0.745    0.968     0.869     3
                 0.869    0.052    0.811      0.869    0.839      0.796    0.974     0.923     4
                 0.762    0.001    0.936      0.762    0.840      0.841    0.996     0.918     5
                 0.750    0.006    0.828      0.750    0.787      0.780    0.989     0.872     6
                 0.796    0.001    0.946      0.796    0.864      0.864    0.995     0.939     7
                 0.815    0.010    0.829      0.815    0.822      0.811    0.990     0.902     8
                 0.744    0.007    0.750      0.744    0.747      0.740    0.981     0.820     9
Weighted Avg.    0.795    0.048    0.797      0.795    0.795      0.749    0.964     0.884     

=== Confusion Matrix ===

    a    b    c    d    e    f    g    h    i    j   <-- classified as
  138   32    7    1   30    0    0    0    2    0 |    a = 0
   10 1721  221   74  176    2    0    1    9    6 |    b = 1
    2  206 1725  169  123    1    2    3   15    4 |    c = 2
    1   66  144 1140   42    1    5    1    4    6 |    d = 3
   15  102   90   44 1720    2    2    0    5    0 |    e = 4
    0    4    9    4    8  160    5    3   11    6 |    f = 5
    0   18    7   32   10    2  270    1   11    9 |    g = 6
    0    3   16    3    5    2   13  191    6    1 |    h = 7
    0    6   10   22    1    1   24    1  440   35 |    i = 8
    1    7    7   14    6    0    5    1   28  201 |    j = 9


