=== Run information ===

Scheme:       weka.classifiers.bayes.BayesNet -D -Q weka.classifiers.bayes.net.search.local.HillClimber -- -P 2 -S BAYES -E weka.classifiers.bayes.net.estimate.SimpleEstimator -- -A 0.5
Relation:     corr_10-weka.filters.unsupervised.attribute.NumericToNominal-Rlast
Instances:    9690
Attributes:   81
               484
               532
               533
               580
               581
               582
               628
               629
               699
               744
               745
               746
               747
               792
               793
               794
               795
               796
               841
               842
               934
               935
               981
               982
               983
               1029
               1030
               1031
               1038
               1077
               1078
               1086
               1087
               1122
               1123
               1128
               1134
               1135
               1167
               1168
               1171
               1172
               1176
               1182
               1215
               1216
               1217
               1218
               1219
               1221
               1224
               1263
               1264
               1265
               1266
               1272
               1311
               1312
               1313
               1314
               1315
               1320
               1321
               1361
               1362
               1366
               1409
               1410
               1414
               1461
               1561
               1562
               1564
               1610
               1612
               2050
               2094
               2095
               2096
               2097
              0
Test mode:    10-fold cross-validation

=== Classifier model (full training set) ===

Bayes Network Classifier
not using ADTree
#attributes=81 #classindex=80
Network structure (nodes followed by parents)
 484(8):  532  533 
 532(10):  580  533 
 533(10): 0  2097 
 580(10):  628  581 
 581(9):  533 
 582(9):  581  580 
 628(8):  629  581 
 629(8):  581 
 699(9):  747  1038 
 744(9): 0  745 
 745(8): 0  1086 
 746(8): 0  745 
 747(8): 0  746 
 792(9): 0  793 
 793(10):  744  1086 
 794(10): 0  793 
 795(8): 0  794 
 796(7): 0  795 
 841(10):  793  792 
 842(8): 0  841 
 934(11):  935  1172 
 935(10): 0  983 
 981(10): 0  982 
 982(11): 0  934 
 983(12):  1031 
 1029(11): 0  1077 
 1030(13):  982  1031 
 1031(10): 0  1561 
 1038(9): 0 
 1077(10): 0  1078 
 1078(11):  1030  1031 
 1086(11):  1038 
 1087(11):  1038  1086 
 1122(9): 0  1217 
 1123(10): 0  1122 
 1128(9): 0  1176 
 1134(10):  1086  842 
 1135(11):  1087  1134 
 1167(9):  1215  1168 
 1168(10): 0  1217 
 1171(12): 0  1218 
 1172(11): 0  1171 
 1176(9): 0  1561 
 1182(10):  1134  841 
 1215(11): 0  1168 
 1216(11): 0  1168 
 1217(10): 0  1265 
 1218(13): 0  1219 
 1219(10): 0  1266 
 1221(11): 0  1172 
 1224(8): 0  1176 
 1263(11):  1215  1264 
 1264(10): 0  1216 
 1265(10):  1313  1610 
 1266(11):  1314  1265 
 1272(10): 0  1224 
 1311(10):  1263  1312 
 1312(10):  1264  1313 
 1313(12): 0  1314 
 1314(11):  1362  1561 
 1315(11): 0  1314 
 1320(8): 0  1272 
 1321(7): 0  1561 
 1361(12):  1313  1410 
 1362(11): 0  1561 
 1366(9): 0  1414 
 1409(11): 0  1361 
 1410(12):  1362 
 1414(10): 0  1078 
 1461(9): 0  1414 
 1561(11):  1610  841 
 1562(12):  1561  1610 
 1564(12): 0  1562 
 1610(11): 0  1612 
 1612(10): 0  1182 
 2050(7):  2097  2095 
 2094(7): 0  1182 
 2095(7):  2094 
 2096(6):  2095 
 2097(7):  2096  2095 
0(10): 
LogScore Bayes: -695601.6611724087
LogScore BDeu: -1156036.6263003184
LogScore MDL: -1062839.8370638986
LogScore ENTROPY: -757505.4016308845
LogScore AIC: -824035.4016308918


Time taken to build model: 4.99 seconds

=== Stratified cross-validation ===
=== Summary ===

Correctly Classified Instances        7749               79.969  %
Incorrectly Classified Instances      1941               20.031  %
Kappa statistic                          0.7566
Mean absolute error                      0.0439
Root mean squared error                  0.176 
Relative absolute error                 26.6446 %
Root relative squared error             61.3339 %
Total Number of Instances             9690     

=== Detailed Accuracy By Class ===

                 TP Rate  FP Rate  Precision  Recall   F-Measure  MCC      ROC Area  PRC Area  Class
                 0.700    0.005    0.746      0.700    0.722      0.717    0.983     0.769     0
                 0.761    0.054    0.807      0.761    0.783      0.721    0.945     0.876     1
                 0.779    0.054    0.812      0.779    0.795      0.735    0.957     0.892     2
                 0.822    0.047    0.750      0.822    0.784      0.747    0.969     0.874     3
                 0.870    0.061    0.786      0.870    0.826      0.780    0.972     0.919     4
                 0.757    0.001    0.930      0.757    0.835      0.836    0.995     0.912     5
                 0.778    0.005    0.862      0.778    0.818      0.812    0.988     0.891     6
                 0.796    0.001    0.970      0.796    0.874      0.876    0.997     0.945     7
                 0.822    0.009    0.843      0.822    0.832      0.823    0.992     0.908     8
                 0.759    0.008    0.722      0.759    0.740      0.733    0.981     0.817     9
Weighted Avg.    0.800    0.045    0.803      0.800    0.800      0.756    0.965     0.889     

=== Confusion Matrix ===

    a    b    c    d    e    f    g    h    i    j   <-- classified as
  147   32    1    1   29    0    0    0    0    0 |    a = 0
   18 1689  185   83  234    0    1    1    5    4 |    b = 1
    2  174 1753  181  122    0    0    0   15    3 |    c = 2
    3   68  108 1159   58    0    4    0    3    7 |    d = 3
   25   98   80   47 1722    1    0    0    2    5 |    e = 4
    0    0   10    8    6  159    4    2   13    8 |    f = 5
    1   15    1   31    6    1  280    0   14   11 |    g = 6
    0    4    6    3    8    7   10  191    5    6 |    h = 7
    0    9    6   25    0    3   17    1  444   35 |    i = 8
    1    5    8    8    6    0    9    2   26  205 |    j = 9


