=== Run information ===

Scheme:       weka.classifiers.bayes.BayesNet -D -Q weka.classifiers.bayes.net.search.local.K2 -- -P 3 -S BAYES -E weka.classifiers.bayes.net.estimate.SimpleEstimator -- -A 0.5
Relation:     corr_20-weka.filters.unsupervised.attribute.NumericToNominal-Rlast
Instances:    9690
Attributes:   140
              [list of attributes omitted]
Test mode:    10-fold cross-validation

=== Classifier model (full training set) ===

Bayes Network Classifier
not using ADTree
#attributes=140 #classindex=139
Network structure (nodes followed by parents)
 388(9): 0 
 389(9): 0  388 
 436(10): 0  388  389 
 437(9): 0  436  389 
 484(8): 0  436 
 485(9): 0  437  484 
 486(8): 0  485 
 532(10): 0  484  485 
 533(10): 0  485  532 
 534(9): 0  533  486 
 535(8): 0  534  486 
 580(10): 0  532 
 581(9): 0  533  580 
 582(9): 0  581  535 
 628(8): 0  580 
 629(8): 0  581  628 
 676(8): 0  628 
 677(8): 0  629  676 
 698(10): 0  535 
 699(9): 0  698 
 700(8): 0  699  698 
 743(11): 0  698 
 744(9): 0  743 
 745(8): 0  744 
 746(8): 0  745  743 
 747(8): 0  746  698 
 748(8): 0  747  699 
 791(12): 0  743 
 792(9): 0  791  744 
 793(10): 0  792  745 
 794(10): 0  793  746 
 795(8): 0  794  747 
 796(7): 0  795  748 
 840(11): 0  792 
 841(10): 0  840  793 
 842(8): 0  841  795 
 934(11): 0  840 
 935(10): 0  934  840 
 981(10): 0  934  700 
 982(11): 0  934  981 
 983(12): 0  935  982 
 1021(10): 0  700 
 1029(11): 0  981  792 
 1030(13): 0  982  1029 
 1031(10): 0  983 
 1038(9): 0  698  1031 
 1043(11): 0  1038  747 
 1069(9): 0  1021 
 1077(10): 0  1029 
 1078(11): 0  1030  1077 
 1085(10): 0  793  1038 
 1086(11): 0  1038  1085 
 1087(11): 0  1038  1086 
 1119(11): 0  743 
 1120(10): 0  1119 
 1122(9): 0  1120  842 
 1123(10): 0  1122  1077 
 1125(10): 0  1077  1078 
 1128(9): 0  1085  841 
 1133(12): 0  1085  841 
 1134(10): 0  1086 
 1135(11): 0  1087 
 1167(9): 0  1119 
 1168(10): 0  1120 
 1170(10): 0  1122  1123 
 1171(12): 0  1170 
 1172(11): 0  1171  1125 
 1176(9): 0  1128 
 1181(9): 0  1133 
 1182(10): 0  1134 
 1183(10): 0  1135 
 1214(11): 0  1119  1069 
 1215(11): 0  1167  1119 
 1216(11): 0  1168 
 1217(10): 0  1170  1216 
 1218(13): 0  1217  1171 
 1219(10): 0  1218 
 1220(12): 0  1219  1172 
 1221(11): 0  1220 
 1224(8): 0  1176  1128 
 1230(10): 0  1182 
 1262(10): 0  1214 
 1263(11): 0  1215 
 1264(10): 0  1216  1263 
 1265(10): 0  1217  1264 
 1266(11): 0  1218  1265 
 1267(11): 0  1266  1219 
 1269(9): 0  1221 
 1272(10): 0  1224 
 1310(10): 0  1262 
 1311(10): 0  1263  1215 
 1312(10): 0  1264  1311 
 1313(12): 0  1265 
 1314(11): 0  1266  1313 
 1315(11): 0  1267  1314 
 1318(8): 0  1269  1122 
 1320(8): 0  1272 
 1321(7): 0  1320  1230 
 1360(10): 0  1312 
 1361(12): 0  1313 
 1362(11): 0  1314 
 1363(11): 0  1315  1362 
 1366(9): 0  1318 
 1408(10): 0  1360 
 1409(11): 0  1361 
 1410(12): 0  1362 
 1413(11): 0  1366  1321 
 1414(10): 0  1366 
 1457(9): 0  1409  1408 
 1458(9): 0  1410  1457 
 1461(9): 0  1414  1413 
 1505(10): 0  1457  1167 
 1506(11): 0  1505  1458 
 1507(9): 0  1506 
 1508(8): 0  1507  1461 
 1509(10): 0  1508  1414 
 1510(8): 0  1509  1181 
 1511(12): 0  1510  1085 
 1516(12): 0  1269  1508 
 1561(11): 0  1181  1314 
 1562(12): 0  1561 
 1564(12): 0  1562 
 1610(11): 0  1561 
 1612(10): 0  1610 
 2030(9): 0  677 
 2049(8): 0  2030 
 2050(7): 0  2049 
 2051(8): 0  2050 
 2075(9): 0  2030 
 2076(9): 0  2075 
 2077(10): 0  2076  2030 
 2078(10): 0  2077 
 2080(7): 0  2078 
 2094(7): 0  2049 
 2095(7): 0  2094  2050 
 2096(6): 0  2095  2050 
 2097(7): 0  2096  2051 
 2098(8): 0  2097  2051 
 2099(8): 0  2098  2051 
0(10): 
LogScore Bayes: -1179322.767407806
LogScore BDeu: -7195089.138649137
LogScore MDL: -5051393.7471441785
LogScore ENTROPY: -1968222.7206964537
LogScore AIC: -2640021.720696982


Time taken to build model: 11.12 seconds

=== Stratified cross-validation ===
=== Summary ===

Correctly Classified Instances        8307               85.7276 %
Incorrectly Classified Instances      1383               14.2724 %
Kappa statistic                          0.8258
Mean absolute error                      0.0296
Root mean squared error                  0.1568
Relative absolute error                 17.9442 %
Root relative squared error             54.6385 %
Total Number of Instances             9690     

=== Detailed Accuracy By Class ===

                 TP Rate  FP Rate  Precision  Recall   F-Measure  MCC      ROC Area  PRC Area  Class
                 0.567    0.000    0.992      0.567    0.721      0.746    0.991     0.907     0
                 0.835    0.041    0.859      0.835    0.847      0.802    0.971     0.932     1
                 0.877    0.050    0.843      0.877    0.860      0.816    0.977     0.942     2
                 0.882    0.034    0.817      0.882    0.849      0.822    0.980     0.922     3
                 0.919    0.039    0.858      0.919    0.887      0.858    0.988     0.962     4
                 0.714    0.000    0.974      0.714    0.824      0.831    0.998     0.947     5
                 0.753    0.003    0.909      0.753    0.824      0.821    0.992     0.912     6
                 0.771    0.000    0.995      0.771    0.869      0.873    0.998     0.961     7
                 0.885    0.008    0.868      0.885    0.876      0.869    0.996     0.948     8
                 0.793    0.003    0.895      0.793    0.841      0.838    0.990     0.916     9
Weighted Avg.    0.857    0.034    0.861      0.857    0.856      0.826    0.982     0.939     

=== Confusion Matrix ===

    a    b    c    d    e    f    g    h    i    j   <-- classified as
  119   55    5    0   31    0    0    0    0    0 |    a = 0
    1 1853  171   56  135    0    0    0    4    0 |    b = 1
    0   91 1974  104   81    0    0    0    0    0 |    c = 2
    0   53   77 1244   35    0    0    0    1    0 |    d = 3
    0   62   65   34 1819    0    0    0    0    0 |    e = 4
    0    2   13    7    5  150    2    1   26    4 |    f = 5
    0   21    9   32    5    2  271    0   17    3 |    g = 6
    0    6    7   10    6    2    9  185    7    8 |    h = 7
    0    6   10   24    2    0   10    0  478   10 |    i = 8
    0    8   12   11    1    0    6    0   18  214 |    j = 9


