=== Run information ===

Scheme:       weka.classifiers.bayes.BayesNet -D -Q weka.classifiers.bayes.net.search.local.K2 -- -P 2 -S BAYES -E weka.classifiers.bayes.net.estimate.SimpleEstimator -- -A 0.5
Relation:     corr_10-weka.filters.unsupervised.attribute.NumericToNominal-Rlast
Instances:    9690
Attributes:   81
               484
               532
               533
               580
               581
               582
               628
               629
               699
               744
               745
               746
               747
               792
               793
               794
               795
               796
               841
               842
               934
               935
               981
               982
               983
               1029
               1030
               1031
               1038
               1077
               1078
               1086
               1087
               1122
               1123
               1128
               1134
               1135
               1167
               1168
               1171
               1172
               1176
               1182
               1215
               1216
               1217
               1218
               1219
               1221
               1224
               1263
               1264
               1265
               1266
               1272
               1311
               1312
               1313
               1314
               1315
               1320
               1321
               1361
               1362
               1366
               1409
               1410
               1414
               1461
               1561
               1562
               1564
               1610
               1612
               2050
               2094
               2095
               2096
               2097
              0
Test mode:    10-fold cross-validation

=== Classifier model (full training set) ===

Bayes Network Classifier
not using ADTree
#attributes=81 #classindex=80
Network structure (nodes followed by parents)
 484(8): 0 
 532(10): 0  484 
 533(10): 0  532 
 580(10): 0  532 
 581(9): 0  533 
 582(9): 0  581 
 628(8): 0  580 
 629(8): 0  581 
 699(9): 0  629 
 744(9): 0  699 
 745(8): 0  744 
 746(8): 0  745 
 747(8): 0  746 
 792(9): 0  744 
 793(10): 0  792 
 794(10): 0  793 
 795(8): 0  794 
 796(7): 0  795 
 841(10): 0  793 
 842(8): 0  841 
 934(11): 0  841 
 935(10): 0  934 
 981(10): 0  934 
 982(11): 0  934 
 983(12): 0  935 
 1029(11): 0  981 
 1030(13): 0  982 
 1031(10): 0  983 
 1038(9): 0  699 
 1077(10): 0  1029 
 1078(11): 0  1030 
 1086(11): 0  1038 
 1087(11): 0  1038 
 1122(9): 0  842 
 1123(10): 0  1122 
 1128(9): 0  841 
 1134(10): 0  1086 
 1135(11): 0  1087 
 1167(9): 0  792 
 1168(10): 0  1167 
 1171(12): 0  1123 
 1172(11): 0  1171 
 1176(9): 0  1128 
 1182(10): 0  1134 
 1215(11): 0  1167 
 1216(11): 0  1168 
 1217(10): 0  1216 
 1218(13): 0  1217 
 1219(10): 0  1218 
 1221(11): 0  1172 
 1224(8): 0  1176 
 1263(11): 0  1215 
 1264(10): 0  1216 
 1265(10): 0  1217 
 1266(11): 0  1218 
 1272(10): 0  1224 
 1311(10): 0  1263 
 1312(10): 0  1264 
 1313(12): 0  1265 
 1314(11): 0  1266 
 1315(11): 0  1314 
 1320(8): 0  1272 
 1321(7): 0  1320 
 1361(12): 0  1313 
 1362(11): 0  1314 
 1366(9): 0  1122 
 1409(11): 0  1361 
 1410(12): 0  1362 
 1414(10): 0  1366 
 1461(9): 0  1414 
 1561(11): 0  1314 
 1562(12): 0  1561 
 1564(12): 0  1562 
 1610(11): 0  1561 
 1612(10): 0  1610 
 2050(7): 0  582 
 2094(7): 0  2050 
 2095(7): 0  2094 
 2096(6): 0  2095 
 2097(7): 0  2096 
0(10): 
LogScore Bayes: -733480.2485610156
LogScore BDeu: -1219090.0716164235
LogScore MDL: -1118466.0611707484
LogScore ENTROPY: -795879.9777174116
LogScore AIC: -866168.9777174167


Time taken to build model: 0.88 seconds

=== Stratified cross-validation ===
=== Summary ===

Correctly Classified Instances        7801               80.5057 %
Incorrectly Classified Instances      1889               19.4943 %
Kappa statistic                          0.7627
Mean absolute error                      0.0414
Root mean squared error                  0.1788
Relative absolute error                 25.1164 %
Root relative squared error             62.2841 %
Total Number of Instances             9690     

=== Detailed Accuracy By Class ===

                 TP Rate  FP Rate  Precision  Recall   F-Measure  MCC      ROC Area  PRC Area  Class
                 0.648    0.003    0.845      0.648    0.733      0.735    0.986     0.819     0
                 0.791    0.063    0.787      0.791    0.789      0.726    0.949     0.877     1
                 0.775    0.047    0.834      0.775    0.803      0.747    0.952     0.892     2
                 0.870    0.050    0.747      0.870    0.804      0.771    0.974     0.890     3
                 0.858    0.054    0.802      0.858    0.829      0.784    0.974     0.920     4
                 0.724    0.001    0.956      0.724    0.824      0.829    0.995     0.913     5
                 0.733    0.004    0.871      0.733    0.796      0.792    0.989     0.878     6
                 0.771    0.001    0.949      0.771    0.851      0.852    0.996     0.934     7
                 0.809    0.009    0.839      0.809    0.824      0.814    0.990     0.902     8
                 0.748    0.007    0.754      0.748    0.751      0.744    0.985     0.843     9
Weighted Avg.    0.805    0.045    0.809      0.805    0.805      0.763    0.966     0.892     

=== Confusion Matrix ===

    a    b    c    d    e    f    g    h    i    j   <-- classified as
  136   42    4    1   27    0    0    0    0    0 |    a = 0
   14 1756  154   91  195    0    0    0    8    2 |    b = 1
    0  196 1743  170  133    0    0    0    5    3 |    c = 2
    0   60   74 1227   42    0    3    0    4    0 |    d = 3
   11  137   74   59 1699    0    0    0    0    0 |    e = 4
    0    1   12    9    5  152    5    3   18    5 |    f = 5
    0   17    5   34    8    3  264    0   13   16 |    g = 6
    0    5    9    5    6    1   10  185   10    9 |    h = 7
    0    8    9   32    3    2   12    6  437   31 |    i = 8
    0    8    7   15    1    1    9    1   26  202 |    j = 9


