=== Run information ===

Scheme:       weka.classifiers.bayes.BayesNet -D -Q weka.classifiers.bayes.net.search.local.K2 -- -P 3 -S BAYES -E weka.classifiers.bayes.net.estimate.SimpleEstimator -- -A 0.5
Relation:     corr_10-weka.filters.unsupervised.attribute.NumericToNominal-Rlast
Instances:    9690
Attributes:   81
               484
               532
               533
               580
               581
               582
               628
               629
               699
               744
               745
               746
               747
               792
               793
               794
               795
               796
               841
               842
               934
               935
               981
               982
               983
               1029
               1030
               1031
               1038
               1077
               1078
               1086
               1087
               1122
               1123
               1128
               1134
               1135
               1167
               1168
               1171
               1172
               1176
               1182
               1215
               1216
               1217
               1218
               1219
               1221
               1224
               1263
               1264
               1265
               1266
               1272
               1311
               1312
               1313
               1314
               1315
               1320
               1321
               1361
               1362
               1366
               1409
               1410
               1414
               1461
               1561
               1562
               1564
               1610
               1612
               2050
               2094
               2095
               2096
               2097
              0
Test mode:    10-fold cross-validation

=== Classifier model (full training set) ===

Bayes Network Classifier
not using ADTree
#attributes=81 #classindex=80
Network structure (nodes followed by parents)
 484(8): 0 
 532(10): 0  484 
 533(10): 0  532  484 
 580(10): 0  532 
 581(9): 0  533  580 
 582(9): 0  581 
 628(8): 0  580 
 629(8): 0  581  628 
 699(9): 0  629 
 744(9): 0  699 
 745(8): 0  744 
 746(8): 0  745  744 
 747(8): 0  746  699 
 792(9): 0  744 
 793(10): 0  792  745 
 794(10): 0  793  746 
 795(8): 0  794  747 
 796(7): 0  795  747 
 841(10): 0  793  792 
 842(8): 0  841  795 
 934(11): 0  841  745 
 935(10): 0  934 
 981(10): 0  934  699 
 982(11): 0  934  981 
 983(12): 0  935  982 
 1029(11): 0  981  792 
 1030(13): 0  982  1029 
 1031(10): 0  983 
 1038(9): 0  699  1031 
 1077(10): 0  1029 
 1078(11): 0  1030  1077 
 1086(11): 0  1038  794 
 1087(11): 0  1038  1086 
 1122(9): 0  842  1038 
 1123(10): 0  1122  1077 
 1128(9): 0  841  1038 
 1134(10): 0  1086 
 1135(11): 0  1087 
 1167(9): 0  792  747 
 1168(10): 0  1167  1122 
 1171(12): 0  1123 
 1172(11): 0  1171 
 1176(9): 0  1128 
 1182(10): 0  1134 
 1215(11): 0  1167 
 1216(11): 0  1168 
 1217(10): 0  1216  1122 
 1218(13): 0  1217  1171 
 1219(10): 0  1218 
 1221(11): 0  1172  1031 
 1224(8): 0  1176  1128 
 1263(11): 0  1215 
 1264(10): 0  1216  1263 
 1265(10): 0  1217  1264 
 1266(11): 0  1218  1265 
 1272(10): 0  1224 
 1311(10): 0  1263  1215 
 1312(10): 0  1264  1311 
 1313(12): 0  1265 
 1314(11): 0  1266  1313 
 1315(11): 0  1314 
 1320(8): 0  1272 
 1321(7): 0  1320  1182 
 1361(12): 0  1313 
 1362(11): 0  1314 
 1366(9): 0  1122  1221 
 1409(11): 0  1361 
 1410(12): 0  1362 
 1414(10): 0  1366 
 1461(9): 0  1414 
 1561(11): 0  1314  793 
 1562(12): 0  1561 
 1564(12): 0  1562 
 1610(11): 0  1561 
 1612(10): 0  1610 
 2050(7): 0  582  1176 
 2094(7): 0  2050 
 2095(7): 0  2094  2050 
 2096(6): 0  2095  2050 
 2097(7): 0  2096  2050 
0(10): 
LogScore Bayes: -717240.1463883412
LogScore BDeu: -4124603.5374359447
LogScore MDL: -2909175.0225137617
LogScore ENTROPY: -1162903.4555842893
LogScore AIC: -1543402.4555836646


Time taken to build model: 3.52 seconds

=== Stratified cross-validation ===
=== Summary ===

Correctly Classified Instances        8219               84.8194 %
Incorrectly Classified Instances      1471               15.1806 %
Kappa statistic                          0.8147
Mean absolute error                      0.0322
Root mean squared error                  0.1586
Relative absolute error                 19.5647 %
Root relative squared error             55.2703 %
Total Number of Instances             9690     

=== Detailed Accuracy By Class ===

                 TP Rate  FP Rate  Precision  Recall   F-Measure  MCC      ROC Area  PRC Area  Class
                 0.595    0.001    0.954      0.595    0.733      0.750    0.987     0.858     0
                 0.841    0.046    0.845      0.841    0.843      0.797    0.969     0.926     1
                 0.864    0.051    0.838      0.864    0.851      0.805    0.975     0.936     2
                 0.889    0.032    0.824      0.889    0.855      0.830    0.981     0.928     3
                 0.892    0.041    0.849      0.892    0.870      0.836    0.984     0.946     4
                 0.695    0.001    0.967      0.695    0.809      0.817    0.996     0.921     5
                 0.764    0.004    0.884      0.764    0.820      0.816    0.992     0.901     6
                 0.758    0.000    0.989      0.758    0.858      0.863    0.998     0.962     7
                 0.856    0.009    0.854      0.856    0.855      0.846    0.994     0.933     8
                 0.737    0.005    0.816      0.737    0.774      0.769    0.988     0.869     9
Weighted Avg.    0.848    0.036    0.851      0.848    0.847      0.815    0.980     0.930     

=== Confusion Matrix ===

    a    b    c    d    e    f    g    h    i    j   <-- classified as
  125   49    3    2   31    0    0    0    0    0 |    a = 0
    4 1866  153   41  153    0    0    0    3    0 |    b = 1
    0  116 1944  106   84    0    0    0    0    0 |    c = 2
    0   40   86 1253   30    0    0    0    1    0 |    d = 3
    2   95   83   33 1767    0    0    0    0    0 |    e = 4
    0    2   14    7    5  146    5    1   24    6 |    f = 5
    0   18    9   25    5    3  275    0   16    9 |    g = 6
    0    7   10    8    3    1   11  182   10    8 |    h = 7
    0    5    6   29    3    1   11    1  462   22 |    i = 8
    0    9   12   16    0    0    9    0   25  199 |    j = 9


