=== Run information ===

Scheme:       weka.classifiers.bayes.BayesNet -D -Q weka.classifiers.bayes.net.search.local.TAN -- -S BAYES -E weka.classifiers.bayes.net.estimate.SimpleEstimator -- -A 0.5
Relation:     corr_10-weka.filters.unsupervised.attribute.NumericToNominal-Rlast
Instances:    9690
Attributes:   81
               484
               532
               533
               580
               581
               582
               628
               629
               699
               744
               745
               746
               747
               792
               793
               794
               795
               796
               841
               842
               934
               935
               981
               982
               983
               1029
               1030
               1031
               1038
               1077
               1078
               1086
               1087
               1122
               1123
               1128
               1134
               1135
               1167
               1168
               1171
               1172
               1176
               1182
               1215
               1216
               1217
               1218
               1219
               1221
               1224
               1263
               1264
               1265
               1266
               1272
               1311
               1312
               1313
               1314
               1315
               1320
               1321
               1361
               1362
               1366
               1409
               1410
               1414
               1461
               1561
               1562
               1564
               1610
               1612
               2050
               2094
               2095
               2096
               2097
              0
Test mode:    10-fold cross-validation

=== Classifier model (full training set) ===

Bayes Network Classifier
not using ADTree
#attributes=81 #classindex=80
Network structure (nodes followed by parents)
 484(8): 0  532 
 532(10): 0  580 
 533(10): 0  581 
 580(10): 0  628 
 581(9): 0  582 
 582(9): 0  2050 
 628(8): 0  629 
 629(8): 0  581 
 699(9): 0  747 
 744(9): 0  792 
 745(8): 0  744 
 746(8): 0  745 
 747(8): 0  746 
 792(9): 0  793 
 793(10): 0  841 
 794(10): 0  793 
 795(8): 0  794 
 796(7): 0  795 
 841(10): 0  1561 
 842(8): 0  841 
 934(11): 0  935 
 935(10): 0  983 
 981(10): 0  982 
 982(11): 0  983 
 983(12): 0  1031 
 1029(11): 0  1030 
 1030(13): 0  982 
 1031(10): 0  1561 
 1038(9): 0  1086 
 1077(10): 0  1029 
 1078(11): 0  1030 
 1086(11): 0  1134 
 1087(11): 0  1135 
 1122(9): 0  1123 
 1123(10): 0  1171 
 1128(9): 0  1561 
 1134(10): 0  1182 
 1135(11): 0  1086 
 1167(9): 0  1215 
 1168(10): 0  1216 
 1171(12): 0  1218 
 1172(11): 0  1171 
 1176(9): 0  1128 
 1182(10): 0  1561 
 1215(11): 0  1263 
 1216(11): 0  1264 
 1217(10): 0  1265 
 1218(13): 0  1266 
 1219(10): 0  1218 
 1221(11): 0  1172 
 1224(8): 0  1176 
 1263(11): 0  1311 
 1264(10): 0  1265 
 1265(10): 0  1313 
 1266(11): 0  1314 
 1272(10): 0  1224 
 1311(10): 0  1312 
 1312(10): 0  1264 
 1313(12): 0  1314 
 1314(11): 0  1561 
 1315(11): 0  1314 
 1320(8): 0  1272 
 1321(7): 0  1561 
 1361(12): 0  1313 
 1362(11): 0  1314 
 1366(9): 0  1610 
 1409(11): 0  1361 
 1410(12): 0  1362 
 1414(10): 0  1366 
 1461(9): 0  1414 
 1561(11): 0  1562 
 1562(12): 0 
 1564(12): 0  1562 
 1610(11): 0  1561 
 1612(10): 0  1610 
 2050(7): 0  2097 
 2094(7): 0  1182 
 2095(7): 0  2094 
 2096(6): 0  2095 
 2097(7): 0  2096 
0(10): 
LogScore Bayes: -716103.86096744
LogScore BDeu: -1216704.0874630832
LogScore MDL: -1112010.1151097752
LogScore ENTROPY: -780704.1244367979
LogScore AIC: -852893.1244368003


Time taken to build model: 1.65 seconds

=== Stratified cross-validation ===
=== Summary ===

Correctly Classified Instances        7985               82.4045 %
Incorrectly Classified Instances      1705               17.5955 %
Kappa statistic                          0.7858
Mean absolute error                      0.0376
Root mean squared error                  0.1685
Relative absolute error                 22.8091 %
Root relative squared error             58.7157 %
Total Number of Instances             9690     

=== Detailed Accuracy By Class ===

                 TP Rate  FP Rate  Precision  Recall   F-Measure  MCC      ROC Area  PRC Area  Class
                 0.690    0.003    0.824      0.690    0.751      0.749    0.986     0.826     0
                 0.781    0.053    0.814      0.781    0.797      0.739    0.952     0.890     1
                 0.808    0.050    0.831      0.808    0.820      0.766    0.965     0.909     2
                 0.863    0.037    0.799      0.863    0.830      0.800    0.978     0.912     3
                 0.895    0.056    0.806      0.895    0.848      0.808    0.978     0.935     4
                 0.748    0.001    0.963      0.748    0.842      0.846    0.996     0.920     5
                 0.794    0.003    0.899      0.794    0.844      0.840    0.989     0.904     6
                 0.788    0.001    0.969      0.788    0.869      0.871    0.996     0.944     7
                 0.841    0.009    0.842      0.841    0.842      0.832    0.993     0.919     8
                 0.785    0.005    0.822      0.785    0.803      0.798    0.986     0.866     9
Weighted Avg.    0.824    0.041    0.826      0.824    0.824      0.785    0.971     0.909     

=== Confusion Matrix ===

    a    b    c    d    e    f    g    h    i    j   <-- classified as
  145   35    3    0   27    0    0    0    0    0 |    a = 0
   18 1733  186   77  195    0    0    0    7    4 |    b = 1
    0  164 1819  122  135    0    0    0    8    2 |    c = 2
    2   63   74 1217   50    0    0    0    4    0 |    d = 3
   11   94   66   34 1773    0    0    0    2    0 |    e = 4
    0    0   12    5    8  157    5    1   21    1 |    f = 5
    0   20    6   26    3    2  286    0   10    7 |    g = 6
    0    7    9    4    4    2   13  189    7    5 |    h = 7
    0    7    6   28    4    2   10    2  454   27 |    i = 8
    0    6    7   10    2    0    4    3   26  212 |    j = 9


