Top 20 - Damping: 0.9
Num:  -58522500  - Accuracy:  8.988648090815273 %   - Dataset Length:  9690
Iterations:  59  Centres:  [[ 36  37  35 ...  33  32  31]
 [ 65  62  61 ... 112  76  64]
 [ 53  53  53 ...  49  56  58]
 ...
 [227 229 224 ... 119 119 120]
 [217 240 235 ... 228 215 198]
 [158 157 158 ... 147 145 146]]  Number of clusters:  10
 
Top 20 - Damping: 0.8
Num:  -58522500  - Accuracy:  11.929824561403509 %   - Dataset Length:  9690
Iterations:  114  Centres:  [[ 52  52  51 ...  50  49  48]
 [ 77  80  76 ...  84  82  79]
 [ 80  95  81 ...  88  74  72]
 ...
 [ 66  60  69 ...  63  63  63]
 [251 249 251 ... 139 144 150]
 [160 154 160 ... 135 137 140]]  Number of clusters:  9


Top 20 - Damping: 0.7
Num:  -52020000  - Accuracy:  13.560371517027864 %   - Dataset Length:  9690
Iterations:  321  Centres:  [[178 173 181 ... 161 157 152]
 [ 56  57  55 ...  48  47  47]
 [ 65  62  61 ... 112  76  64]
 ...
 [251 249 251 ... 139 144 150]
 [ 79  78  72 ...  65  65  64]
 [158 157 158 ... 147 145 146]]  Number of clusters:  10
 
 
Top 10 - Damping 0.9 (Num = preference)
Number of clusters:  [0 1 5 ... 1 1 1]
Num:  -52020000  - Accuracy:  14.788441692466462 %   - Dataset Length:  9690
Iterations:  119  Centres:  [[185 190 197 189 195 197 185 188 170 168 169 169 172 167 166 167 158 149
  165 154 144 163 132 139 158 138 137 154 174 131 139 173 172 145 140 167
  172 172 169 166 129 127 167 175 168 168 162 154 144 133 163 169 172 170
  169 160 169 169 170 171 171 162 157 168 172 135 154 161 138 135 174 175
  173 177 177 150 140 141 144 161]
 [ 56  56  58  57  56  56  57  56  58  70  71  71  72  81  82  82  83  83
   84  84  77  78  74  73  75  68  68  73  73  61  65  76  71  81  74  80
   78  70  56  65  68  64  73  80  57  66  75  77  69  67  68  58  66  75
   77  63  56  62  66  67  65  68  68  59  59  69  63  67  65  61  83  84
   82  81  79  49  47  48  48  48]
 [ 51  51  48  50  47  47  56  56 115 162 163 162 154 194 194 192 187 178
  208 209 145 155 121 134 150 124 140 156 140 124 138 156 157 146 124 155
  169 161 161 181 132 123 140 172 162 183 185 161 150 162 133 160 185 192
  172 128 151 182 198 187 181 123 120 186 180 137 167 167 124 129 205 194
  170 205 191  75 119 119 111  96]
 [ 20  18  21  19  20  20  20  20  28  32  32  31  31  34  33  33  31  30
   34  34  32  33  30  31  33  29  30  32  29  29  30  30  27  36  35  33
   30  27  39  38  33  30  32  31  38  38  37  35  33  27  31  37  37  36
   35  30  37  36  35  35  32  32  31  33  33  30  31  31  31  31  37  37
   34  34  32  18  16  16  17  17]
 [248 247 248 244 247 241 241 242  83  82  84  83  84  82  82  78  74  71
   75  68  64  68  64  67  73  63  72  76  72  52  66  71  73  39  28  54
   71  74  61  60  47  40  43  70  63  63  64  64  64  59  45  63  64  63
   65  49  59  62  61  65  70  52  42  59  61  63  48  49  60  42  82  81
   83  82  82  83  81  95 110 123]
 [ 47  65  69  68  70  68  65  64 255 255 255 255 255 255 255 255 255 255
  255 255 181 213 174 172 190 184 166 178 227 183 158 231 187 246 223 200
  234 187 250 253 179 136 216 237 248 252 228 190 149 140 222 249 252 242
  218 201 250 253 252 249 244 181 182 255 255 170 214 221 161 154 249 239
  184 251 236  53  81  73  58  52]
 [ 66  63  64  63  64  64  64  65 109 117 116 116 116 118 117 118 118 118
  116 115  90 102  90  85  96  90  82  91 112  88  79 117 104 111 104 103
  119 105 113 114 100  89 104 120 113 115 115 106  97  80 100 112 114 115
  111 116 116  65  77  68  66  65]
  131 138 142 156 137 146 156 121 135 147 131 105 124 117 110 124 128 142
  133 124  73  79 138 142 134 144  72  86 132 155 156 169 113  74  90 135
  162 108  75  93 137 166 182 108 125 137 164 149 130 156 152 146 139 165
  141 178 164  61  83  83  83  82]
 [156 157 157 158 158 158 158 159 170 211 204 195 192 223 221 218 216 215
  225 224 187 187 185 189 194 193 200 207 184 213 218 198 178 182 177 207
  209 180 199 212 178 178 192 213 203 218 212 199 189 180 169 203 220 215
  208 168 199 217 218 216 216 170 174 218 216 199 194 190 194 184 222 223
  215 225 222 146 149 149 148 147]]  Number of clusters:  9
  
  Top 10 - Damping: 0.8
Num:  -52020000  - Accuracy:  11.269349845201239 %   - Dataset Length:  9690
Iterations:  171  Centres:  [[ 74  69  70  72  74  74  77  78 111 133 134 133 130 157 155 152 149 143
  168 166 158 163 146 153 160 141 148 158 129 137 146 142 147 139 133 146
  146 149 150 153 138 137 134 149 152 152 150 146 145 150 133 152 152 152
  152 131 153 155 158 162 161 129 128 172 180 143 173 175 127 127 167 166
  159 171 164  96 100 100  98  95]
 [ 54  56  55  55  54  52  55  54  77  98  98  97  93 102 101 100  99  94
  101 100  78  87  80  87  92  90  93  94  76  90  94  81  67  69  71  82
   85  67  84  72  67  67  80  89  88  80  77  79  80  72  80  95  90  89
   93  83 100 100 102 105 102  84  76  97 100  70  88  91  71  69 111 108
  103 115 114  55  52  49  48  49]
 [ 46  43  44  44  44  43  45  44  38  40  40  40  39  47  48  47  44  43
   52  51  46  47  41  41  43  42  43  45  43  42  44  43  44  48  44  47
   47  45  40  48  44  39  44  48  41  49  52  50  45  39  40  40  48  51
   51  41  41  45  49  53  53  45  47  49  50  47  48  47  42  42  52  51
   49  52  51  39  44  42  38  38]
 [248 247 248 244 247 241 241 242  83  82  84  83  84  82  82  78  74  71
   75  68  64  68  64  67  73  63  72  76  72  52  66  71  73  39  28  54
   71  74  61  60  47  40  43  70  63  63  64  64  64  59  45  63  64  63
   65  49  59  62  61  65  70  52  42  59  61  63  48  49  60  42  82  81
   83  82  82  83  81  95 110 123]
 [222 224 231 225 232 214 227 234 145 164 163 162 160 165 165 163 161 158
  162 154 114 142  66  91 122  84  88 104 124 123  96 139  94 151 141 136
  148 102 164 164 128  91 137 153 163 166 164 160 112  68 137 164 166 164
  162 132 161 161 159 159 144 127 104 148 152  81 125 124  86  83 160 159
  126 165 160 148 128 138 146 147]
 [ 47  65  69  68  70  68  65  64 255 255 255 255 255 255 255 255 255 255
  255 255 181 213 174 172 190 184 166 178 227 183 158 231 187 246 223 200
  234 187 250 253 179 136 216 237 248 252 228 190 149 140 222 249 252 242
  218 201 250 253 252 249 244 181 182 255 255 170 214 221 161 154 249 239
  184 251 236  53  81  73  58  52]
 [156 157 157 158 158 158 158 159 170 211 204 195 192 223 221 218 216 215
  225 224 187 187 185 189 194 193 200 207 184 213 218 198 178 182 177 207
  209 180 199 212 178 178 192 213 203 218 212 199 189 180 169 203 220 215
  208 168 199 217 218 216 216 170 174 218 216 199 194 190 194 184 222 223
  215 225 222 146 149 149 148 147]]  Number of clusters:  7
  
  Top 10 - Damping: 0.7
Num:  -52020000  - Accuracy:  9.318885448916408 %   - Dataset Length:  9690
Iterations:  454  Centres:  [[ 51  51  48  50  47  47  56  56 115 162 163 162 154 194 194 192 187 178
  208 209 145 155 121 134 150 124 140 156 140 124 138 156 157 146 124 155
  169 161 161 181 132 123 140 172 162 183 185 161 150 162 133 160 185 192
  172 128 151 182 198 187 181 123 120 186 180 137 167 167 124 129 205 194
  170 205 191  75 119 119 111  96]
 [ 54  56  55  55  54  52  55  54  77  98  98  97  93 102 101 100  99  94
  101 100  78  87  80  87  92  90  93  94  76  90  94  81  67  69  71  82
   85  67  84  72  67  67  80  89  88  80  77  79  80  72  80  95  90  89
   93  83 100 100 102 105 102  84  76  97 100  70  88  91  71  69 111 108
  103 115 114  55  52  49  48  49]
 [ 46  43  44  44  44  43  45  44  38  40  40  40  39  47  48  47  44  43
   52  51  46  47  41  41  43  42  43  45  43  42  44  43  44  48  44  47
   47  45  40  48  44  39  44  48  41  49  52  50  45  39  40  40  48  51
   51  41  41  45  49  53  53  45  47  49  50  47  48  47  42  42  52  51
   49  52  51  39  44  42  38  38]
 [ 47  65  69  68  70  68  65  64 255 255 255 255 255 255 255 255 255 255
  255 255 181 213 174 172 190 184 166 178 227 183 158 231 187 246 223 200
  234 187 250 253 179 136 216 237 248 252 228 190 149 140 222 249 252 242
  218 201 250 253 252 249 244 181 182 255 255 170 214 221 161 154 249 239
  184 251 236  53  81  73  58  52]
 [ 88  87  88  87  89  90  87  89 140 143 143 142 140 139 141 141 139 137
  138 138 114 119 127 127 128 134 136 138 136 117 125 139 129 102 103 132
  138 129 140 122 112 114 128 137 141 131 126 125 129 121 124 142 139 139
  141 122 141 136 136 138 140 122 118 126 128 110 115 118 109 108 140 137
  126 141 138  91  92  91  92  91]
 [156 157 157 158 158 158 158 159 170 211 204 195 192 223 221 218 216 215
  225 224 187 187 185 189 194 193 200 207 184 213 218 198 178 182 177 207
  209 180 199 212 178 178 192 213 203 218 212 199 189 180 169 203 220 215
  208 168 199 217 218 216 216 170 174 218 216 199 194 190 194 184 222 223
  215 225 222 146 149 149 148 147]
 [206 208 206 203 208 204 205 208  90  92  94  94  90  92  94  94  93  92
   93  92  73  83  68  74  86  69  79  91  81  74  85  85  86  47  37  82
   86  87  76  64  31  26  66  85  69  63  59  56  55  52  54  67  65  66
   69  56  66  66  67  74  83  59  48  64  73  67  59  66  65  56  90  91
   88  92  93 100  77  88 104 122]]  Number of clusters:  7
  
  Top 5 - Damping: 0.9
Num:  -52020000  - Accuracy:  18.988648090815275 %   - Dataset Length:  9690
Iterations:  142  Centres:  [[110 108 108 108 113 113 113 113 112 113 110 110  88 100  98  91 102  98
   94 104  99 108 111 110 103 109 112 113 112 106 107 112 113 113 114 111
  107 110 112 107 110]
 [ 50  50  50  50  62  72  78  72  66  59  73  71  68  56  65  68  56  63
   68  57  62  65  54  65  52  51  51  53  60  51  51  51  51  56  54  60
   66  58  61  68  61]
 [ 72  74  74  78 130 157 155 152 149 143 168 166 163 146 153 160 141 148
  158 137 146 142 139 146 134 152 152 146 145 133 152 152 152 152 158 162
  161 129 180 159 164]
 [111 114 115 114  39  41  42  42  42  42  40  41  24  28  27  25  30  30
   28  30  30  33  40  36  29  24  32  40  40  31  21  29  36  40  33  39
   39  37  38  38  38]
 [ 65  74  70  68 255 255 255 255 255 247 244 237 193 186 170 178 198 180
  178 178 177 243 224 241 197 244 254 243 220 185 247 254 255 255 238 245
    249 174 212 255 255]]  Number of clusters:  5

  Top 5 - Damping: 0.8
Num:  -58522500  - Accuracy:  0.02063983488132095 %   - Dataset Length:  9690
Iterations:  302  Centres:  [[156 156 158 ... 146 114 143]
 [ 62  58  54 ...  66  88  85]
 [ 31  46  55 ... 255 227 255]
 ...
 [ 35  33  33 ...  61  71  69]
 [ 26  27  27 ...  73  59  69]
 [ 37  36  36 ...  57 133 104]]  Number of clusters:  9690
  
    Top 5 - Damping: 0.7
Num:  -58522500  - Accuracy:  0.02063983488132095 %   - Dataset Length:  9690
Iterations:  301  Centres:  [[156 156 158 ... 146 114 143]
 [ 62  58  54 ...  66  88  85]
 [ 31  46  55 ... 255 227 255]
 ...
 [ 35  33  33 ...  61  71  69]
 [ 26  27  27 ...  73  59  69]
 [ 37  36  36 ...  57 133 104]]  Number of clusters:  9690
